{
 "cells": [
  {
   "cell_type": "markdown",
   "id": "2bb2f2ad",
   "metadata": {},
   "source": [
    "note: \n",
    "- We found that kendall implementation in the pandas differ from v1.3.1 and 1.1.5\n",
    "- pandas does not have tau-c implementation\n",
    "- we use kendall from the scipy package\n",
    "- library version:\n",
    "    - pandas: 1.3.1\n",
    "    - scipy: 1.6.2"
   ]
  },
  {
   "cell_type": "markdown",
   "id": "118ba5a4",
   "metadata": {},
   "source": [
    "# flickr8k"
   ]
  },
  {
   "cell_type": "code",
   "execution_count": 35,
   "id": "ef58bb6b",
   "metadata": {},
   "outputs": [],
   "source": [
    "import pandas as pd\n",
    "import numpy as np"
   ]
  },
  {
   "cell_type": "code",
   "execution_count": 36,
   "id": "8d3ac7c3",
   "metadata": {},
   "outputs": [
    {
     "data": {
      "text/plain": [
       "'1.6.2'"
      ]
     },
     "execution_count": 36,
     "metadata": {},
     "output_type": "execute_result"
    }
   ],
   "source": [
    "import scipy\n",
    "from scipy import stats\n",
    "\n",
    "def kendall_tau_b(x, y):\n",
    "    tau, p_value = stats.kendalltau(x, y, variant=\"b\")\n",
    "    return tau\n",
    "\n",
    "def kendall_tau_c(x, y):\n",
    "    tau, p_value = stats.kendalltau(x, y, variant=\"c\")\n",
    "    return tau\n",
    "\n",
    "scipy.__version__"
   ]
  },
  {
   "cell_type": "code",
   "execution_count": 37,
   "id": "d1028335",
   "metadata": {},
   "outputs": [],
   "source": [
    "# # official vilbertscore\n",
    "\n",
    "# df = pd.read_csv(\"../results/flickr8k.csv\")\n",
    "# flickr_precision = df[\"precision\"].to_list()\n",
    "# flickr_recall = df[\"recall\"].to_list()\n",
    "# flickr_f1 = df[\"f1\"].to_list()\n",
    "    \n",
    "# with open(\"../data/flickr8k/scores.pkl\", \"rb\") as f:\n",
    "#     human = pickle.load(f, encoding='latin1')\n",
    "# human = [(x-1)/3 for x in human]"
   ]
  },
  {
   "cell_type": "code",
   "execution_count": 38,
   "id": "79853f62",
   "metadata": {},
   "outputs": [
    {
     "data": {
      "text/html": [
       "<div>\n",
       "<style scoped>\n",
       "    .dataframe tbody tr th:only-of-type {\n",
       "        vertical-align: middle;\n",
       "    }\n",
       "\n",
       "    .dataframe tbody tr th {\n",
       "        vertical-align: top;\n",
       "    }\n",
       "\n",
       "    .dataframe thead th {\n",
       "        text-align: right;\n",
       "    }\n",
       "</style>\n",
       "<table border=\"1\" class=\"dataframe\">\n",
       "  <thead>\n",
       "    <tr style=\"text-align: right;\">\n",
       "      <th></th>\n",
       "      <th>human</th>\n",
       "      <th>precision</th>\n",
       "      <th>recall</th>\n",
       "      <th>f1</th>\n",
       "    </tr>\n",
       "  </thead>\n",
       "  <tbody>\n",
       "    <tr>\n",
       "      <th>human</th>\n",
       "      <td>1.000000</td>\n",
       "      <td>0.552884</td>\n",
       "      <td>0.526679</td>\n",
       "      <td>0.553806</td>\n",
       "    </tr>\n",
       "    <tr>\n",
       "      <th>precision</th>\n",
       "      <td>0.552884</td>\n",
       "      <td>1.000000</td>\n",
       "      <td>0.745920</td>\n",
       "      <td>0.881924</td>\n",
       "    </tr>\n",
       "    <tr>\n",
       "      <th>recall</th>\n",
       "      <td>0.526679</td>\n",
       "      <td>0.745920</td>\n",
       "      <td>1.000000</td>\n",
       "      <td>0.863986</td>\n",
       "    </tr>\n",
       "    <tr>\n",
       "      <th>f1</th>\n",
       "      <td>0.553806</td>\n",
       "      <td>0.881924</td>\n",
       "      <td>0.863986</td>\n",
       "      <td>1.000000</td>\n",
       "    </tr>\n",
       "  </tbody>\n",
       "</table>\n",
       "</div>"
      ],
      "text/plain": [
       "              human  precision    recall        f1\n",
       "human      1.000000   0.552884  0.526679  0.553806\n",
       "precision  0.552884   1.000000  0.745920  0.881924\n",
       "recall     0.526679   0.745920  1.000000  0.863986\n",
       "f1         0.553806   0.881924  0.863986  1.000000"
      ]
     },
     "execution_count": 38,
     "metadata": {},
     "output_type": "execute_result"
    }
   ],
   "source": [
    "# custom vilbertscore\n",
    "df = pd.read_csv(\"../data/processed/flickr8k/vilbertscore.csv\")\n",
    "flickr_precision = df[\"precision\"].to_list()\n",
    "flickr_recall = df[\"recall\"].to_list()\n",
    "flickr_f1 = df[\"f1\"].to_list()\n",
    "    \n",
    "with open(\"../data/processed/flickr8k/annotations_avg.txt\") as f:\n",
    "    human = f.readlines()\n",
    "    human = [ float(x.strip()) for x in human]\n",
    "human = [(x-1)/3 for x in human]\n",
    "\n",
    "df_final = pd.DataFrame([human, flickr_precision, flickr_recall, flickr_f1]).T\n",
    "df_final = df_final.rename(columns={0:\"human\", 1:\"precision\", 2:\"recall\", 3:\"f1\"})\n",
    "df_final.corr(method=kendall_tau_c)"
   ]
  },
  {
   "cell_type": "code",
   "execution_count": 39,
   "id": "61558737",
   "metadata": {},
   "outputs": [],
   "source": [
    "# df_final.corr(method=kendall_tau_b)"
   ]
  },
  {
   "cell_type": "code",
   "execution_count": null,
   "id": "91ea7b32",
   "metadata": {},
   "outputs": [],
   "source": []
  },
  {
   "cell_type": "code",
   "execution_count": null,
   "id": "8d0ddb92",
   "metadata": {},
   "outputs": [],
   "source": []
  },
  {
   "cell_type": "markdown",
   "id": "d68dd51b",
   "metadata": {},
   "source": [
    "### flat annotation"
   ]
  },
  {
   "cell_type": "code",
   "execution_count": 24,
   "id": "3ad6bd02",
   "metadata": {},
   "outputs": [
    {
     "data": {
      "text/plain": [
       "17466"
      ]
     },
     "execution_count": 24,
     "metadata": {},
     "output_type": "execute_result"
    }
   ],
   "source": [
    "# custom vilbertscore\n",
    "df = pd.read_csv(\"../data/processed/flickr8k/vilbertscore.csv\")\n",
    "flickr_precision = df[\"precision\"].to_list()\n",
    "flickr_recall = df[\"recall\"].to_list()\n",
    "flickr_f1 = df[\"f1\"].to_list()\n",
    "\n",
    "flickr_precision_repeat3 = []\n",
    "flickr_recall_repeat3 = []\n",
    "flickr_f1_repeat_3 = []\n",
    "\n",
    "for a, b, c in zip(flickr_precision, flickr_recall, flickr_f1):\n",
    "    flickr_precision_repeat3.append(float(a))\n",
    "    flickr_precision_repeat3.append(float(a))\n",
    "    flickr_precision_repeat3.append(float(a))\n",
    "    \n",
    "    flickr_recall_repeat3.append(float(b))\n",
    "    flickr_recall_repeat3.append(float(b))\n",
    "    flickr_recall_repeat3.append(float(b))\n",
    "    \n",
    "    flickr_f1_repeat_3.append(float(c))\n",
    "    flickr_f1_repeat_3.append(float(c))\n",
    "    flickr_f1_repeat_3.append(float(c))\n",
    "    \n",
    "human_flat = []\n",
    "with open(\"../data/processed/flickr8k/annotations.txt\") as f:\n",
    "    tmp = f.readlines()\n",
    "    for item in tmp:\n",
    "        a, b, c = item.strip().split(\",\")\n",
    "        human_flat.append(float(a))\n",
    "        human_flat.append(float(b))\n",
    "        human_flat.append(float(c))\n",
    "len(human_flat)"
   ]
  },
  {
   "cell_type": "code",
   "execution_count": 25,
   "id": "d567eb1a",
   "metadata": {},
   "outputs": [
    {
     "data": {
      "text/html": [
       "<div>\n",
       "<style scoped>\n",
       "    .dataframe tbody tr th:only-of-type {\n",
       "        vertical-align: middle;\n",
       "    }\n",
       "\n",
       "    .dataframe tbody tr th {\n",
       "        vertical-align: top;\n",
       "    }\n",
       "\n",
       "    .dataframe thead th {\n",
       "        text-align: right;\n",
       "    }\n",
       "</style>\n",
       "<table border=\"1\" class=\"dataframe\">\n",
       "  <thead>\n",
       "    <tr style=\"text-align: right;\">\n",
       "      <th></th>\n",
       "      <th>human</th>\n",
       "      <th>precision</th>\n",
       "      <th>recall</th>\n",
       "      <th>f1</th>\n",
       "    </tr>\n",
       "  </thead>\n",
       "  <tbody>\n",
       "    <tr>\n",
       "      <th>human</th>\n",
       "      <td>1.000000</td>\n",
       "      <td>0.540232</td>\n",
       "      <td>0.518112</td>\n",
       "      <td>0.541156</td>\n",
       "    </tr>\n",
       "    <tr>\n",
       "      <th>precision</th>\n",
       "      <td>0.540232</td>\n",
       "      <td>1.000000</td>\n",
       "      <td>0.745920</td>\n",
       "      <td>0.881924</td>\n",
       "    </tr>\n",
       "    <tr>\n",
       "      <th>recall</th>\n",
       "      <td>0.518112</td>\n",
       "      <td>0.745920</td>\n",
       "      <td>1.000000</td>\n",
       "      <td>0.863986</td>\n",
       "    </tr>\n",
       "    <tr>\n",
       "      <th>f1</th>\n",
       "      <td>0.541156</td>\n",
       "      <td>0.881924</td>\n",
       "      <td>0.863986</td>\n",
       "      <td>1.000000</td>\n",
       "    </tr>\n",
       "  </tbody>\n",
       "</table>\n",
       "</div>"
      ],
      "text/plain": [
       "              human  precision    recall        f1\n",
       "human      1.000000   0.540232  0.518112  0.541156\n",
       "precision  0.540232   1.000000  0.745920  0.881924\n",
       "recall     0.518112   0.745920  1.000000  0.863986\n",
       "f1         0.541156   0.881924  0.863986  1.000000"
      ]
     },
     "execution_count": 25,
     "metadata": {},
     "output_type": "execute_result"
    }
   ],
   "source": [
    "df_final_flat = pd.DataFrame([human_flat, flickr_precision_repeat3, flickr_recall_repeat3, flickr_f1_repeat_3]).T\n",
    "df_final_flat = df_final_flat.rename(columns={0:\"human\", 1:\"precision\", 2:\"recall\", 3:\"f1\"})\n",
    "df_final_flat.corr(method=kendall_tau_c)"
   ]
  },
  {
   "cell_type": "code",
   "execution_count": 26,
   "id": "5701d497",
   "metadata": {},
   "outputs": [],
   "source": [
    "# df_final_flat.corr(method=kendall_tau_b)"
   ]
  },
  {
   "cell_type": "code",
   "execution_count": null,
   "id": "5a00f7c4",
   "metadata": {},
   "outputs": [],
   "source": []
  },
  {
   "cell_type": "code",
   "execution_count": null,
   "id": "0e18b49c",
   "metadata": {},
   "outputs": [],
   "source": []
  },
  {
   "cell_type": "code",
   "execution_count": null,
   "id": "ebc05d69",
   "metadata": {},
   "outputs": [],
   "source": []
  },
  {
   "cell_type": "markdown",
   "id": "eeae9dbd",
   "metadata": {},
   "source": [
    "# capeval1k"
   ]
  },
  {
   "cell_type": "code",
   "execution_count": 27,
   "id": "546fc3d7",
   "metadata": {},
   "outputs": [],
   "source": [
    "import pandas as pd\n",
    "import numpy as np"
   ]
  },
  {
   "cell_type": "code",
   "execution_count": 28,
   "id": "fcb7c995",
   "metadata": {},
   "outputs": [],
   "source": [
    "df = pd.read_csv(\"../data/raw/capeval1k/capeval1k_all_metrics.csv\", index_col=False)\n",
    "df = df.drop([\"Unnamed: 0\"], axis=1)"
   ]
  },
  {
   "cell_type": "code",
   "execution_count": 31,
   "id": "0d48922c",
   "metadata": {},
   "outputs": [],
   "source": [
    "df_vs = pd.read_csv(\"../data/processed/capeval1k/vilbertscore.csv\", index_col=False)\n",
    "df_vs_f1 = df_vs.drop([\"precision\", \"recall\"], axis=1)\n",
    "df_vs_f1 = df_vs_f1.rename(columns={\"f1\":\"vilbertscore\"})\n",
    "\n",
    "df_clip = pd.read_csv(\"../data/processed/capeval1k/clipcore.csv\", index_col=False)"
   ]
  },
  {
   "cell_type": "code",
   "execution_count": 32,
   "id": "f85dad87",
   "metadata": {},
   "outputs": [
    {
     "data": {
      "text/html": [
       "<div>\n",
       "<style scoped>\n",
       "    .dataframe tbody tr th:only-of-type {\n",
       "        vertical-align: middle;\n",
       "    }\n",
       "\n",
       "    .dataframe tbody tr th {\n",
       "        vertical-align: top;\n",
       "    }\n",
       "\n",
       "    .dataframe thead th {\n",
       "        text-align: right;\n",
       "    }\n",
       "</style>\n",
       "<table border=\"1\" class=\"dataframe\">\n",
       "  <thead>\n",
       "    <tr style=\"text-align: right;\">\n",
       "      <th></th>\n",
       "      <th>Human</th>\n",
       "      <th>b1</th>\n",
       "      <th>b4</th>\n",
       "      <th>rouge</th>\n",
       "      <th>meteor</th>\n",
       "      <th>cider</th>\n",
       "      <th>spice</th>\n",
       "      <th>umic</th>\n",
       "      <th>uniter</th>\n",
       "      <th>vilbertscore</th>\n",
       "      <th>clips</th>\n",
       "      <th>ref-clips</th>\n",
       "    </tr>\n",
       "  </thead>\n",
       "  <tbody>\n",
       "    <tr>\n",
       "      <th>Human</th>\n",
       "      <td>1.000000</td>\n",
       "      <td>0.233369</td>\n",
       "      <td>0.237954</td>\n",
       "      <td>0.220303</td>\n",
       "      <td>0.288215</td>\n",
       "      <td>0.307178</td>\n",
       "      <td>0.279076</td>\n",
       "      <td>0.328425</td>\n",
       "      <td>0.298916</td>\n",
       "      <td>0.355099</td>\n",
       "      <td>0.270098</td>\n",
       "      <td>0.307777</td>\n",
       "    </tr>\n",
       "    <tr>\n",
       "      <th>b1</th>\n",
       "      <td>0.233369</td>\n",
       "      <td>1.000000</td>\n",
       "      <td>0.496028</td>\n",
       "      <td>0.754730</td>\n",
       "      <td>0.701726</td>\n",
       "      <td>0.628581</td>\n",
       "      <td>0.436585</td>\n",
       "      <td>0.225329</td>\n",
       "      <td>0.218973</td>\n",
       "      <td>0.442607</td>\n",
       "      <td>0.262552</td>\n",
       "      <td>0.310215</td>\n",
       "    </tr>\n",
       "    <tr>\n",
       "      <th>b4</th>\n",
       "      <td>0.237954</td>\n",
       "      <td>0.496028</td>\n",
       "      <td>1.000000</td>\n",
       "      <td>0.539021</td>\n",
       "      <td>0.550064</td>\n",
       "      <td>0.646615</td>\n",
       "      <td>0.394028</td>\n",
       "      <td>0.188705</td>\n",
       "      <td>0.174234</td>\n",
       "      <td>0.328371</td>\n",
       "      <td>0.210966</td>\n",
       "      <td>0.253249</td>\n",
       "    </tr>\n",
       "    <tr>\n",
       "      <th>rouge</th>\n",
       "      <td>0.220303</td>\n",
       "      <td>0.754730</td>\n",
       "      <td>0.539021</td>\n",
       "      <td>1.000000</td>\n",
       "      <td>0.670549</td>\n",
       "      <td>0.614650</td>\n",
       "      <td>0.434719</td>\n",
       "      <td>0.213494</td>\n",
       "      <td>0.210189</td>\n",
       "      <td>0.444972</td>\n",
       "      <td>0.241131</td>\n",
       "      <td>0.284344</td>\n",
       "    </tr>\n",
       "    <tr>\n",
       "      <th>meteor</th>\n",
       "      <td>0.288215</td>\n",
       "      <td>0.701726</td>\n",
       "      <td>0.550064</td>\n",
       "      <td>0.670549</td>\n",
       "      <td>1.000000</td>\n",
       "      <td>0.718165</td>\n",
       "      <td>0.524905</td>\n",
       "      <td>0.260215</td>\n",
       "      <td>0.261497</td>\n",
       "      <td>0.457551</td>\n",
       "      <td>0.312479</td>\n",
       "      <td>0.364420</td>\n",
       "    </tr>\n",
       "    <tr>\n",
       "      <th>cider</th>\n",
       "      <td>0.307178</td>\n",
       "      <td>0.628581</td>\n",
       "      <td>0.646615</td>\n",
       "      <td>0.614650</td>\n",
       "      <td>0.718165</td>\n",
       "      <td>1.000000</td>\n",
       "      <td>0.540019</td>\n",
       "      <td>0.239962</td>\n",
       "      <td>0.239124</td>\n",
       "      <td>0.455355</td>\n",
       "      <td>0.300344</td>\n",
       "      <td>0.358462</td>\n",
       "    </tr>\n",
       "    <tr>\n",
       "      <th>spice</th>\n",
       "      <td>0.279076</td>\n",
       "      <td>0.436585</td>\n",
       "      <td>0.394028</td>\n",
       "      <td>0.434719</td>\n",
       "      <td>0.524905</td>\n",
       "      <td>0.540019</td>\n",
       "      <td>1.000000</td>\n",
       "      <td>0.217322</td>\n",
       "      <td>0.220170</td>\n",
       "      <td>0.395942</td>\n",
       "      <td>0.285390</td>\n",
       "      <td>0.331005</td>\n",
       "    </tr>\n",
       "    <tr>\n",
       "      <th>umic</th>\n",
       "      <td>0.328425</td>\n",
       "      <td>0.225329</td>\n",
       "      <td>0.188705</td>\n",
       "      <td>0.213494</td>\n",
       "      <td>0.260215</td>\n",
       "      <td>0.239962</td>\n",
       "      <td>0.217322</td>\n",
       "      <td>1.000000</td>\n",
       "      <td>0.814596</td>\n",
       "      <td>0.277917</td>\n",
       "      <td>0.302507</td>\n",
       "      <td>0.316602</td>\n",
       "    </tr>\n",
       "    <tr>\n",
       "      <th>uniter</th>\n",
       "      <td>0.298916</td>\n",
       "      <td>0.218973</td>\n",
       "      <td>0.174234</td>\n",
       "      <td>0.210189</td>\n",
       "      <td>0.261497</td>\n",
       "      <td>0.239124</td>\n",
       "      <td>0.220170</td>\n",
       "      <td>0.814596</td>\n",
       "      <td>1.000000</td>\n",
       "      <td>0.261981</td>\n",
       "      <td>0.318233</td>\n",
       "      <td>0.324040</td>\n",
       "    </tr>\n",
       "    <tr>\n",
       "      <th>vilbertscore</th>\n",
       "      <td>0.355099</td>\n",
       "      <td>0.442607</td>\n",
       "      <td>0.328371</td>\n",
       "      <td>0.444972</td>\n",
       "      <td>0.457551</td>\n",
       "      <td>0.455355</td>\n",
       "      <td>0.395942</td>\n",
       "      <td>0.277917</td>\n",
       "      <td>0.261981</td>\n",
       "      <td>1.000000</td>\n",
       "      <td>0.332629</td>\n",
       "      <td>0.391940</td>\n",
       "    </tr>\n",
       "    <tr>\n",
       "      <th>clips</th>\n",
       "      <td>0.270098</td>\n",
       "      <td>0.262552</td>\n",
       "      <td>0.210966</td>\n",
       "      <td>0.241131</td>\n",
       "      <td>0.312479</td>\n",
       "      <td>0.300344</td>\n",
       "      <td>0.285390</td>\n",
       "      <td>0.302507</td>\n",
       "      <td>0.318233</td>\n",
       "      <td>0.332629</td>\n",
       "      <td>1.000000</td>\n",
       "      <td>0.883191</td>\n",
       "    </tr>\n",
       "    <tr>\n",
       "      <th>ref-clips</th>\n",
       "      <td>0.307777</td>\n",
       "      <td>0.310215</td>\n",
       "      <td>0.253249</td>\n",
       "      <td>0.284344</td>\n",
       "      <td>0.364420</td>\n",
       "      <td>0.358462</td>\n",
       "      <td>0.331005</td>\n",
       "      <td>0.316602</td>\n",
       "      <td>0.324040</td>\n",
       "      <td>0.391940</td>\n",
       "      <td>0.883191</td>\n",
       "      <td>1.000000</td>\n",
       "    </tr>\n",
       "  </tbody>\n",
       "</table>\n",
       "</div>"
      ],
      "text/plain": [
       "                 Human        b1        b4     rouge    meteor     cider  \\\n",
       "Human         1.000000  0.233369  0.237954  0.220303  0.288215  0.307178   \n",
       "b1            0.233369  1.000000  0.496028  0.754730  0.701726  0.628581   \n",
       "b4            0.237954  0.496028  1.000000  0.539021  0.550064  0.646615   \n",
       "rouge         0.220303  0.754730  0.539021  1.000000  0.670549  0.614650   \n",
       "meteor        0.288215  0.701726  0.550064  0.670549  1.000000  0.718165   \n",
       "cider         0.307178  0.628581  0.646615  0.614650  0.718165  1.000000   \n",
       "spice         0.279076  0.436585  0.394028  0.434719  0.524905  0.540019   \n",
       "umic          0.328425  0.225329  0.188705  0.213494  0.260215  0.239962   \n",
       "uniter        0.298916  0.218973  0.174234  0.210189  0.261497  0.239124   \n",
       "vilbertscore  0.355099  0.442607  0.328371  0.444972  0.457551  0.455355   \n",
       "clips         0.270098  0.262552  0.210966  0.241131  0.312479  0.300344   \n",
       "ref-clips     0.307777  0.310215  0.253249  0.284344  0.364420  0.358462   \n",
       "\n",
       "                 spice      umic    uniter  vilbertscore     clips  ref-clips  \n",
       "Human         0.279076  0.328425  0.298916      0.355099  0.270098   0.307777  \n",
       "b1            0.436585  0.225329  0.218973      0.442607  0.262552   0.310215  \n",
       "b4            0.394028  0.188705  0.174234      0.328371  0.210966   0.253249  \n",
       "rouge         0.434719  0.213494  0.210189      0.444972  0.241131   0.284344  \n",
       "meteor        0.524905  0.260215  0.261497      0.457551  0.312479   0.364420  \n",
       "cider         0.540019  0.239962  0.239124      0.455355  0.300344   0.358462  \n",
       "spice         1.000000  0.217322  0.220170      0.395942  0.285390   0.331005  \n",
       "umic          0.217322  1.000000  0.814596      0.277917  0.302507   0.316602  \n",
       "uniter        0.220170  0.814596  1.000000      0.261981  0.318233   0.324040  \n",
       "vilbertscore  0.395942  0.277917  0.261981      1.000000  0.332629   0.391940  \n",
       "clips         0.285390  0.302507  0.318233      0.332629  1.000000   0.883191  \n",
       "ref-clips     0.331005  0.316602  0.324040      0.391940  0.883191   1.000000  "
      ]
     },
     "execution_count": 32,
     "metadata": {},
     "output_type": "execute_result"
    }
   ],
   "source": [
    "df_merge = pd.concat([df, df_vs_f1, df_clip], axis=1)\n",
    "df_merge.corr(method=kendall_tau_c)"
   ]
  },
  {
   "cell_type": "code",
   "execution_count": null,
   "id": "8771e2e1",
   "metadata": {},
   "outputs": [],
   "source": []
  },
  {
   "cell_type": "code",
   "execution_count": null,
   "id": "23578216",
   "metadata": {},
   "outputs": [],
   "source": []
  },
  {
   "cell_type": "code",
   "execution_count": null,
   "id": "c8331de8",
   "metadata": {
    "scrolled": true
   },
   "outputs": [],
   "source": []
  },
  {
   "cell_type": "code",
   "execution_count": null,
   "id": "4dd59f50",
   "metadata": {},
   "outputs": [],
   "source": []
  },
  {
   "cell_type": "code",
   "execution_count": 2,
   "id": "abfb2df3",
   "metadata": {},
   "outputs": [],
   "source": []
  },
  {
   "cell_type": "code",
   "execution_count": 18,
   "id": "be179596",
   "metadata": {},
   "outputs": [],
   "source": []
  },
  {
   "cell_type": "code",
   "execution_count": 30,
   "id": "a7860b03",
   "metadata": {},
   "outputs": [],
   "source": []
  },
  {
   "cell_type": "code",
   "execution_count": null,
   "id": "86cbcaa7",
   "metadata": {},
   "outputs": [],
   "source": []
  },
  {
   "cell_type": "code",
   "execution_count": null,
   "id": "e2caf7c3",
   "metadata": {},
   "outputs": [],
   "source": []
  },
  {
   "cell_type": "code",
   "execution_count": null,
   "id": "3c75b3da",
   "metadata": {},
   "outputs": [],
   "source": []
  },
  {
   "cell_type": "code",
   "execution_count": null,
   "id": "a427c895",
   "metadata": {},
   "outputs": [],
   "source": []
  },
  {
   "cell_type": "code",
   "execution_count": null,
   "id": "cc9d4f53",
   "metadata": {},
   "outputs": [],
   "source": [
    "# import json\n",
    "\n",
    "# with open(\"../data/processed/capeval1k/cand.txt\") as f:\n",
    "#     cap_test = f.readlines()\n",
    "#     cap_test = [x.strip() for x in cap_test]\n",
    "\n",
    "# with open(\"../data/processed/capeval1k/capeval_clip_result.json\") as f:\n",
    "#     clip = json.load(f)\n",
    "# clip[0]\n",
    "\n",
    "# list_clips = []\n",
    "# list_refclips = []\n",
    "# for check, y in zip(cap_test, clip):\n",
    "#     if check == y[\"candiate_caption\"]:\n",
    "#         list_clips.append(y[\"CLIP-S\"])\n",
    "#         list_refclips.append(y[\"RefCLIP-S\"])\n",
    "        \n",
    "# df = pd.DataFrame([list_clips, list_refclips]).T\n",
    "# df = df.rename(columns={0:\"clips\", 1:\"ref-clips\"})\n",
    "# df.to_csv(\"../data/processed/capeval1k/clipcore.csv\", index=False)"
   ]
  },
  {
   "cell_type": "code",
   "execution_count": null,
   "id": "efb5e22b",
   "metadata": {},
   "outputs": [],
   "source": []
  }
 ],
 "metadata": {
  "kernelspec": {
   "display_name": "Python [conda env:py37]",
   "language": "python",
   "name": "conda-env-py37-py"
  },
  "language_info": {
   "codemirror_mode": {
    "name": "ipython",
    "version": 3
   },
   "file_extension": ".py",
   "mimetype": "text/x-python",
   "name": "python",
   "nbconvert_exporter": "python",
   "pygments_lexer": "ipython3",
   "version": "3.7.11"
  }
 },
 "nbformat": 4,
 "nbformat_minor": 5
}
