{
 "cells": [
  {
   "cell_type": "code",
   "execution_count": null,
   "id": "a4756c22",
   "metadata": {},
   "outputs": [],
   "source": []
  },
  {
   "cell_type": "markdown",
   "id": "2bb2f2ad",
   "metadata": {},
   "source": [
    "# flickr8k"
   ]
  },
  {
   "cell_type": "code",
   "execution_count": 2,
   "id": "ef58bb6b",
   "metadata": {},
   "outputs": [],
   "source": [
    "import pandas as pd\n",
    "import numpy as np"
   ]
  },
  {
   "cell_type": "code",
   "execution_count": 211,
   "id": "d1028335",
   "metadata": {},
   "outputs": [],
   "source": [
    "# # official vilbertscore\n",
    "\n",
    "# df = pd.read_csv(\"../results/flickr8k.csv\")\n",
    "# flickr_precision = df[\"precision\"].to_list()\n",
    "# flickr_recall = df[\"recall\"].to_list()\n",
    "# flickr_f1 = df[\"f1\"].to_list()\n",
    "    \n",
    "# with open(\"../data/flickr8k/scores.pkl\", \"rb\") as f:\n",
    "#     human = pickle.load(f, encoding='latin1')\n",
    "# human = [(x-1)/3 for x in human]"
   ]
  },
  {
   "cell_type": "code",
   "execution_count": 212,
   "id": "79853f62",
   "metadata": {},
   "outputs": [],
   "source": [
    "# custom vilbertscore\n",
    "df = pd.read_csv(\"../data/processed/flickr8k/vilbertscore.csv\")\n",
    "flickr_precision = df[\"precision\"].to_list()\n",
    "flickr_recall = df[\"recall\"].to_list()\n",
    "flickr_f1 = df[\"f1\"].to_list()\n",
    "    \n",
    "with open(\"../data/processed/flickr8k/annotations_avg.txt\") as f:\n",
    "    human = f.readlines()\n",
    "    human = [ float(x.strip()) for x in human]\n",
    "human = [(x-1)/3 for x in human]"
   ]
  },
  {
   "cell_type": "code",
   "execution_count": null,
   "id": "7c5488be",
   "metadata": {},
   "outputs": [],
   "source": []
  },
  {
   "cell_type": "code",
   "execution_count": 213,
   "id": "e03e23fd",
   "metadata": {},
   "outputs": [
    {
     "data": {
      "text/html": [
       "<div>\n",
       "<style scoped>\n",
       "    .dataframe tbody tr th:only-of-type {\n",
       "        vertical-align: middle;\n",
       "    }\n",
       "\n",
       "    .dataframe tbody tr th {\n",
       "        vertical-align: top;\n",
       "    }\n",
       "\n",
       "    .dataframe thead th {\n",
       "        text-align: right;\n",
       "    }\n",
       "</style>\n",
       "<table border=\"1\" class=\"dataframe\">\n",
       "  <thead>\n",
       "    <tr style=\"text-align: right;\">\n",
       "      <th></th>\n",
       "      <th>human</th>\n",
       "      <th>precision</th>\n",
       "      <th>recall</th>\n",
       "      <th>f1</th>\n",
       "    </tr>\n",
       "  </thead>\n",
       "  <tbody>\n",
       "    <tr>\n",
       "      <th>human</th>\n",
       "      <td>1.000000</td>\n",
       "      <td>0.565625</td>\n",
       "      <td>0.538817</td>\n",
       "      <td>0.566569</td>\n",
       "    </tr>\n",
       "    <tr>\n",
       "      <th>precision</th>\n",
       "      <td>0.565625</td>\n",
       "      <td>1.000000</td>\n",
       "      <td>0.745920</td>\n",
       "      <td>0.881924</td>\n",
       "    </tr>\n",
       "    <tr>\n",
       "      <th>recall</th>\n",
       "      <td>0.538817</td>\n",
       "      <td>0.745920</td>\n",
       "      <td>1.000000</td>\n",
       "      <td>0.863986</td>\n",
       "    </tr>\n",
       "    <tr>\n",
       "      <th>f1</th>\n",
       "      <td>0.566569</td>\n",
       "      <td>0.881924</td>\n",
       "      <td>0.863986</td>\n",
       "      <td>1.000000</td>\n",
       "    </tr>\n",
       "  </tbody>\n",
       "</table>\n",
       "</div>"
      ],
      "text/plain": [
       "              human  precision    recall        f1\n",
       "human      1.000000   0.565625  0.538817  0.566569\n",
       "precision  0.565625   1.000000  0.745920  0.881924\n",
       "recall     0.538817   0.745920  1.000000  0.863986\n",
       "f1         0.566569   0.881924  0.863986  1.000000"
      ]
     },
     "execution_count": 213,
     "metadata": {},
     "output_type": "execute_result"
    }
   ],
   "source": [
    "df_final = pd.DataFrame([human, flickr_precision, flickr_recall, flickr_f1]).T\n",
    "df_final = df_final.rename(columns={0:\"human\", 1:\"precision\", 2:\"recall\", 3:\"f1\"})\n",
    "df_final.corr(method=\"kendall\")"
   ]
  },
  {
   "cell_type": "code",
   "execution_count": null,
   "id": "61558737",
   "metadata": {},
   "outputs": [],
   "source": []
  },
  {
   "cell_type": "code",
   "execution_count": null,
   "id": "16be1b46",
   "metadata": {},
   "outputs": [],
   "source": []
  },
  {
   "cell_type": "markdown",
   "id": "eeae9dbd",
   "metadata": {},
   "source": [
    "# capeval1k"
   ]
  },
  {
   "cell_type": "code",
   "execution_count": 83,
   "id": "546fc3d7",
   "metadata": {},
   "outputs": [],
   "source": [
    "import pandas as pd\n",
    "import numpy as np"
   ]
  },
  {
   "cell_type": "code",
   "execution_count": 84,
   "id": "fcb7c995",
   "metadata": {},
   "outputs": [],
   "source": [
    "df = pd.read_csv(\"../data/raw/capeval1k/capeval1k_all_metrics.csv\", index_col=False)\n",
    "df = df.drop([\"Unnamed: 0\"], axis=1)"
   ]
  },
  {
   "cell_type": "code",
   "execution_count": 85,
   "id": "0d48922c",
   "metadata": {},
   "outputs": [],
   "source": [
    "df_vs = pd.read_csv(\"../data/processed/capeval1k/vilbertscore.csv\", index_col=False)\n",
    "df_vs_f1 = df_vs.drop([\"precision\", \"recall\"], axis=1)\n",
    "df_vs_f1 = df_vs_f1.rename(columns={\"f1\":\"vilbertscore\"})"
   ]
  },
  {
   "cell_type": "code",
   "execution_count": 86,
   "id": "f3dde7ec",
   "metadata": {},
   "outputs": [],
   "source": [
    "df_clip = pd.read_csv(\"../data/processed/capeval1k/clipcore.csv\", index_col=False)"
   ]
  },
  {
   "cell_type": "code",
   "execution_count": null,
   "id": "e52b466d",
   "metadata": {},
   "outputs": [],
   "source": []
  },
  {
   "cell_type": "code",
   "execution_count": 98,
   "id": "f85dad87",
   "metadata": {},
   "outputs": [
    {
     "data": {
      "text/html": [
       "<div>\n",
       "<style scoped>\n",
       "    .dataframe tbody tr th:only-of-type {\n",
       "        vertical-align: middle;\n",
       "    }\n",
       "\n",
       "    .dataframe tbody tr th {\n",
       "        vertical-align: top;\n",
       "    }\n",
       "\n",
       "    .dataframe thead th {\n",
       "        text-align: right;\n",
       "    }\n",
       "</style>\n",
       "<table border=\"1\" class=\"dataframe\">\n",
       "  <thead>\n",
       "    <tr style=\"text-align: right;\">\n",
       "      <th></th>\n",
       "      <th>Human</th>\n",
       "      <th>b1</th>\n",
       "      <th>b4</th>\n",
       "      <th>rouge</th>\n",
       "      <th>meteor</th>\n",
       "      <th>cider</th>\n",
       "      <th>spice</th>\n",
       "      <th>umic</th>\n",
       "      <th>uniter</th>\n",
       "      <th>vilbertscore</th>\n",
       "      <th>clips</th>\n",
       "      <th>ref-clips</th>\n",
       "    </tr>\n",
       "  </thead>\n",
       "  <tbody>\n",
       "    <tr>\n",
       "      <th>Human</th>\n",
       "      <td>1.000000</td>\n",
       "      <td>0.233354</td>\n",
       "      <td>0.237929</td>\n",
       "      <td>0.220282</td>\n",
       "      <td>0.288180</td>\n",
       "      <td>0.307134</td>\n",
       "      <td>0.279319</td>\n",
       "      <td>0.328392</td>\n",
       "      <td>0.298954</td>\n",
       "      <td>0.355049</td>\n",
       "      <td>0.270060</td>\n",
       "      <td>0.307734</td>\n",
       "    </tr>\n",
       "    <tr>\n",
       "      <th>b1</th>\n",
       "      <td>0.233354</td>\n",
       "      <td>1.000000</td>\n",
       "      <td>0.496043</td>\n",
       "      <td>0.754776</td>\n",
       "      <td>0.701735</td>\n",
       "      <td>0.628574</td>\n",
       "      <td>0.436869</td>\n",
       "      <td>0.225329</td>\n",
       "      <td>0.218976</td>\n",
       "      <td>0.442600</td>\n",
       "      <td>0.262556</td>\n",
       "      <td>0.310219</td>\n",
       "    </tr>\n",
       "    <tr>\n",
       "      <th>b4</th>\n",
       "      <td>0.237929</td>\n",
       "      <td>0.496043</td>\n",
       "      <td>1.000000</td>\n",
       "      <td>0.539040</td>\n",
       "      <td>0.550078</td>\n",
       "      <td>0.646618</td>\n",
       "      <td>0.394281</td>\n",
       "      <td>0.188711</td>\n",
       "      <td>0.174239</td>\n",
       "      <td>0.328372</td>\n",
       "      <td>0.210967</td>\n",
       "      <td>0.253250</td>\n",
       "    </tr>\n",
       "    <tr>\n",
       "      <th>rouge</th>\n",
       "      <td>0.220282</td>\n",
       "      <td>0.754776</td>\n",
       "      <td>0.539040</td>\n",
       "      <td>1.000000</td>\n",
       "      <td>0.670568</td>\n",
       "      <td>0.614655</td>\n",
       "      <td>0.435001</td>\n",
       "      <td>0.213505</td>\n",
       "      <td>0.210201</td>\n",
       "      <td>0.444972</td>\n",
       "      <td>0.241130</td>\n",
       "      <td>0.284343</td>\n",
       "    </tr>\n",
       "    <tr>\n",
       "      <th>meteor</th>\n",
       "      <td>0.288180</td>\n",
       "      <td>0.701735</td>\n",
       "      <td>0.550078</td>\n",
       "      <td>0.670568</td>\n",
       "      <td>1.000000</td>\n",
       "      <td>0.718166</td>\n",
       "      <td>0.525234</td>\n",
       "      <td>0.260220</td>\n",
       "      <td>0.261501</td>\n",
       "      <td>0.457552</td>\n",
       "      <td>0.312479</td>\n",
       "      <td>0.364420</td>\n",
       "    </tr>\n",
       "    <tr>\n",
       "      <th>cider</th>\n",
       "      <td>0.307134</td>\n",
       "      <td>0.628574</td>\n",
       "      <td>0.646618</td>\n",
       "      <td>0.614655</td>\n",
       "      <td>0.718166</td>\n",
       "      <td>1.000000</td>\n",
       "      <td>0.540338</td>\n",
       "      <td>0.239962</td>\n",
       "      <td>0.239123</td>\n",
       "      <td>0.455355</td>\n",
       "      <td>0.300344</td>\n",
       "      <td>0.358462</td>\n",
       "    </tr>\n",
       "    <tr>\n",
       "      <th>spice</th>\n",
       "      <td>0.279319</td>\n",
       "      <td>0.436869</td>\n",
       "      <td>0.394281</td>\n",
       "      <td>0.435001</td>\n",
       "      <td>0.525234</td>\n",
       "      <td>0.540338</td>\n",
       "      <td>1.000000</td>\n",
       "      <td>0.217499</td>\n",
       "      <td>0.220391</td>\n",
       "      <td>0.396213</td>\n",
       "      <td>0.285581</td>\n",
       "      <td>0.331238</td>\n",
       "    </tr>\n",
       "    <tr>\n",
       "      <th>umic</th>\n",
       "      <td>0.328392</td>\n",
       "      <td>0.225329</td>\n",
       "      <td>0.188711</td>\n",
       "      <td>0.213505</td>\n",
       "      <td>0.260220</td>\n",
       "      <td>0.239962</td>\n",
       "      <td>0.217499</td>\n",
       "      <td>1.000000</td>\n",
       "      <td>0.814626</td>\n",
       "      <td>0.277917</td>\n",
       "      <td>0.302507</td>\n",
       "      <td>0.316601</td>\n",
       "    </tr>\n",
       "    <tr>\n",
       "      <th>uniter</th>\n",
       "      <td>0.298954</td>\n",
       "      <td>0.218976</td>\n",
       "      <td>0.174239</td>\n",
       "      <td>0.210201</td>\n",
       "      <td>0.261501</td>\n",
       "      <td>0.239123</td>\n",
       "      <td>0.220391</td>\n",
       "      <td>0.814626</td>\n",
       "      <td>1.000000</td>\n",
       "      <td>0.261980</td>\n",
       "      <td>0.318232</td>\n",
       "      <td>0.324039</td>\n",
       "    </tr>\n",
       "    <tr>\n",
       "      <th>vilbertscore</th>\n",
       "      <td>0.355049</td>\n",
       "      <td>0.442600</td>\n",
       "      <td>0.328372</td>\n",
       "      <td>0.444972</td>\n",
       "      <td>0.457552</td>\n",
       "      <td>0.455355</td>\n",
       "      <td>0.396213</td>\n",
       "      <td>0.277917</td>\n",
       "      <td>0.261980</td>\n",
       "      <td>1.000000</td>\n",
       "      <td>0.332629</td>\n",
       "      <td>0.391940</td>\n",
       "    </tr>\n",
       "    <tr>\n",
       "      <th>clips</th>\n",
       "      <td>0.270060</td>\n",
       "      <td>0.262556</td>\n",
       "      <td>0.210967</td>\n",
       "      <td>0.241130</td>\n",
       "      <td>0.312479</td>\n",
       "      <td>0.300344</td>\n",
       "      <td>0.285581</td>\n",
       "      <td>0.302507</td>\n",
       "      <td>0.318232</td>\n",
       "      <td>0.332629</td>\n",
       "      <td>1.000000</td>\n",
       "      <td>0.883191</td>\n",
       "    </tr>\n",
       "    <tr>\n",
       "      <th>ref-clips</th>\n",
       "      <td>0.307734</td>\n",
       "      <td>0.310219</td>\n",
       "      <td>0.253250</td>\n",
       "      <td>0.284343</td>\n",
       "      <td>0.364420</td>\n",
       "      <td>0.358462</td>\n",
       "      <td>0.331238</td>\n",
       "      <td>0.316601</td>\n",
       "      <td>0.324039</td>\n",
       "      <td>0.391940</td>\n",
       "      <td>0.883191</td>\n",
       "      <td>1.000000</td>\n",
       "    </tr>\n",
       "  </tbody>\n",
       "</table>\n",
       "</div>"
      ],
      "text/plain": [
       "                 Human        b1        b4     rouge    meteor     cider  \\\n",
       "Human         1.000000  0.233354  0.237929  0.220282  0.288180  0.307134   \n",
       "b1            0.233354  1.000000  0.496043  0.754776  0.701735  0.628574   \n",
       "b4            0.237929  0.496043  1.000000  0.539040  0.550078  0.646618   \n",
       "rouge         0.220282  0.754776  0.539040  1.000000  0.670568  0.614655   \n",
       "meteor        0.288180  0.701735  0.550078  0.670568  1.000000  0.718166   \n",
       "cider         0.307134  0.628574  0.646618  0.614655  0.718166  1.000000   \n",
       "spice         0.279319  0.436869  0.394281  0.435001  0.525234  0.540338   \n",
       "umic          0.328392  0.225329  0.188711  0.213505  0.260220  0.239962   \n",
       "uniter        0.298954  0.218976  0.174239  0.210201  0.261501  0.239123   \n",
       "vilbertscore  0.355049  0.442600  0.328372  0.444972  0.457552  0.455355   \n",
       "clips         0.270060  0.262556  0.210967  0.241130  0.312479  0.300344   \n",
       "ref-clips     0.307734  0.310219  0.253250  0.284343  0.364420  0.358462   \n",
       "\n",
       "                 spice      umic    uniter  vilbertscore     clips  ref-clips  \n",
       "Human         0.279319  0.328392  0.298954      0.355049  0.270060   0.307734  \n",
       "b1            0.436869  0.225329  0.218976      0.442600  0.262556   0.310219  \n",
       "b4            0.394281  0.188711  0.174239      0.328372  0.210967   0.253250  \n",
       "rouge         0.435001  0.213505  0.210201      0.444972  0.241130   0.284343  \n",
       "meteor        0.525234  0.260220  0.261501      0.457552  0.312479   0.364420  \n",
       "cider         0.540338  0.239962  0.239123      0.455355  0.300344   0.358462  \n",
       "spice         1.000000  0.217499  0.220391      0.396213  0.285581   0.331238  \n",
       "umic          0.217499  1.000000  0.814626      0.277917  0.302507   0.316601  \n",
       "uniter        0.220391  0.814626  1.000000      0.261980  0.318232   0.324039  \n",
       "vilbertscore  0.396213  0.277917  0.261980      1.000000  0.332629   0.391940  \n",
       "clips         0.285581  0.302507  0.318232      0.332629  1.000000   0.883191  \n",
       "ref-clips     0.331238  0.316601  0.324039      0.391940  0.883191   1.000000  "
      ]
     },
     "execution_count": 98,
     "metadata": {},
     "output_type": "execute_result"
    }
   ],
   "source": [
    "df_merge = pd.concat([df, df_vs_f1, df_clip], axis=1)\n",
    "df_merge.corr(method=\"kendall\")"
   ]
  },
  {
   "cell_type": "code",
   "execution_count": null,
   "id": "8771e2e1",
   "metadata": {},
   "outputs": [],
   "source": []
  },
  {
   "cell_type": "code",
   "execution_count": 97,
   "id": "ac7f4a5f",
   "metadata": {},
   "outputs": [
    {
     "data": {
      "text/html": [
       "<div>\n",
       "<style scoped>\n",
       "    .dataframe tbody tr th:only-of-type {\n",
       "        vertical-align: middle;\n",
       "    }\n",
       "\n",
       "    .dataframe tbody tr th {\n",
       "        vertical-align: top;\n",
       "    }\n",
       "\n",
       "    .dataframe thead th {\n",
       "        text-align: right;\n",
       "    }\n",
       "</style>\n",
       "<table border=\"1\" class=\"dataframe\">\n",
       "  <thead>\n",
       "    <tr style=\"text-align: right;\">\n",
       "      <th></th>\n",
       "      <th>Human</th>\n",
       "      <th>b1</th>\n",
       "      <th>b4</th>\n",
       "      <th>rouge</th>\n",
       "      <th>meteor</th>\n",
       "      <th>cider</th>\n",
       "      <th>spice</th>\n",
       "      <th>umic</th>\n",
       "      <th>uniter</th>\n",
       "      <th>vilbertscore</th>\n",
       "      <th>clips</th>\n",
       "      <th>ref-clips</th>\n",
       "    </tr>\n",
       "  </thead>\n",
       "  <tbody>\n",
       "    <tr>\n",
       "      <th>Human</th>\n",
       "      <td>1.000000</td>\n",
       "      <td>0.329991</td>\n",
       "      <td>0.258226</td>\n",
       "      <td>0.315062</td>\n",
       "      <td>0.395745</td>\n",
       "      <td>0.407390</td>\n",
       "      <td>0.402388</td>\n",
       "      <td>0.466762</td>\n",
       "      <td>0.416887</td>\n",
       "      <td>0.531597</td>\n",
       "      <td>0.408319</td>\n",
       "      <td>0.466149</td>\n",
       "    </tr>\n",
       "    <tr>\n",
       "      <th>b1</th>\n",
       "      <td>0.329991</td>\n",
       "      <td>1.000000</td>\n",
       "      <td>0.518129</td>\n",
       "      <td>0.923728</td>\n",
       "      <td>0.882049</td>\n",
       "      <td>0.815689</td>\n",
       "      <td>0.640304</td>\n",
       "      <td>0.331593</td>\n",
       "      <td>0.264451</td>\n",
       "      <td>0.623452</td>\n",
       "      <td>0.372453</td>\n",
       "      <td>0.442223</td>\n",
       "    </tr>\n",
       "    <tr>\n",
       "      <th>b4</th>\n",
       "      <td>0.258226</td>\n",
       "      <td>0.518129</td>\n",
       "      <td>1.000000</td>\n",
       "      <td>0.586812</td>\n",
       "      <td>0.593348</td>\n",
       "      <td>0.766979</td>\n",
       "      <td>0.443048</td>\n",
       "      <td>0.204362</td>\n",
       "      <td>0.136561</td>\n",
       "      <td>0.333684</td>\n",
       "      <td>0.153590</td>\n",
       "      <td>0.203589</td>\n",
       "    </tr>\n",
       "    <tr>\n",
       "      <th>rouge</th>\n",
       "      <td>0.315062</td>\n",
       "      <td>0.923728</td>\n",
       "      <td>0.586812</td>\n",
       "      <td>1.000000</td>\n",
       "      <td>0.865323</td>\n",
       "      <td>0.814224</td>\n",
       "      <td>0.638343</td>\n",
       "      <td>0.319597</td>\n",
       "      <td>0.277789</td>\n",
       "      <td>0.620864</td>\n",
       "      <td>0.349783</td>\n",
       "      <td>0.414627</td>\n",
       "    </tr>\n",
       "    <tr>\n",
       "      <th>meteor</th>\n",
       "      <td>0.395745</td>\n",
       "      <td>0.882049</td>\n",
       "      <td>0.593348</td>\n",
       "      <td>0.865323</td>\n",
       "      <td>1.000000</td>\n",
       "      <td>0.885191</td>\n",
       "      <td>0.728753</td>\n",
       "      <td>0.382847</td>\n",
       "      <td>0.310550</td>\n",
       "      <td>0.634523</td>\n",
       "      <td>0.429134</td>\n",
       "      <td>0.502837</td>\n",
       "    </tr>\n",
       "    <tr>\n",
       "      <th>cider</th>\n",
       "      <td>0.407390</td>\n",
       "      <td>0.815689</td>\n",
       "      <td>0.766979</td>\n",
       "      <td>0.814224</td>\n",
       "      <td>0.885191</td>\n",
       "      <td>1.000000</td>\n",
       "      <td>0.731114</td>\n",
       "      <td>0.338542</td>\n",
       "      <td>0.285849</td>\n",
       "      <td>0.603324</td>\n",
       "      <td>0.386117</td>\n",
       "      <td>0.463534</td>\n",
       "    </tr>\n",
       "    <tr>\n",
       "      <th>spice</th>\n",
       "      <td>0.402388</td>\n",
       "      <td>0.640304</td>\n",
       "      <td>0.443048</td>\n",
       "      <td>0.638343</td>\n",
       "      <td>0.728753</td>\n",
       "      <td>0.731114</td>\n",
       "      <td>1.000000</td>\n",
       "      <td>0.328975</td>\n",
       "      <td>0.316416</td>\n",
       "      <td>0.581785</td>\n",
       "      <td>0.408458</td>\n",
       "      <td>0.480863</td>\n",
       "    </tr>\n",
       "    <tr>\n",
       "      <th>umic</th>\n",
       "      <td>0.466762</td>\n",
       "      <td>0.331593</td>\n",
       "      <td>0.204362</td>\n",
       "      <td>0.319597</td>\n",
       "      <td>0.382847</td>\n",
       "      <td>0.338542</td>\n",
       "      <td>0.328975</td>\n",
       "      <td>1.000000</td>\n",
       "      <td>0.732404</td>\n",
       "      <td>0.433821</td>\n",
       "      <td>0.450237</td>\n",
       "      <td>0.465763</td>\n",
       "    </tr>\n",
       "    <tr>\n",
       "      <th>uniter</th>\n",
       "      <td>0.416887</td>\n",
       "      <td>0.264451</td>\n",
       "      <td>0.136561</td>\n",
       "      <td>0.277789</td>\n",
       "      <td>0.310550</td>\n",
       "      <td>0.285849</td>\n",
       "      <td>0.316416</td>\n",
       "      <td>0.732404</td>\n",
       "      <td>1.000000</td>\n",
       "      <td>0.427024</td>\n",
       "      <td>0.396980</td>\n",
       "      <td>0.424291</td>\n",
       "    </tr>\n",
       "    <tr>\n",
       "      <th>vilbertscore</th>\n",
       "      <td>0.531597</td>\n",
       "      <td>0.623452</td>\n",
       "      <td>0.333684</td>\n",
       "      <td>0.620864</td>\n",
       "      <td>0.634523</td>\n",
       "      <td>0.603324</td>\n",
       "      <td>0.581785</td>\n",
       "      <td>0.433821</td>\n",
       "      <td>0.427024</td>\n",
       "      <td>1.000000</td>\n",
       "      <td>0.493288</td>\n",
       "      <td>0.577863</td>\n",
       "    </tr>\n",
       "    <tr>\n",
       "      <th>clips</th>\n",
       "      <td>0.408319</td>\n",
       "      <td>0.372453</td>\n",
       "      <td>0.153590</td>\n",
       "      <td>0.349783</td>\n",
       "      <td>0.429134</td>\n",
       "      <td>0.386117</td>\n",
       "      <td>0.408458</td>\n",
       "      <td>0.450237</td>\n",
       "      <td>0.396980</td>\n",
       "      <td>0.493288</td>\n",
       "      <td>1.000000</td>\n",
       "      <td>0.981328</td>\n",
       "    </tr>\n",
       "    <tr>\n",
       "      <th>ref-clips</th>\n",
       "      <td>0.466149</td>\n",
       "      <td>0.442223</td>\n",
       "      <td>0.203589</td>\n",
       "      <td>0.414627</td>\n",
       "      <td>0.502837</td>\n",
       "      <td>0.463534</td>\n",
       "      <td>0.480863</td>\n",
       "      <td>0.465763</td>\n",
       "      <td>0.424291</td>\n",
       "      <td>0.577863</td>\n",
       "      <td>0.981328</td>\n",
       "      <td>1.000000</td>\n",
       "    </tr>\n",
       "  </tbody>\n",
       "</table>\n",
       "</div>"
      ],
      "text/plain": [
       "                 Human        b1        b4     rouge    meteor     cider  \\\n",
       "Human         1.000000  0.329991  0.258226  0.315062  0.395745  0.407390   \n",
       "b1            0.329991  1.000000  0.518129  0.923728  0.882049  0.815689   \n",
       "b4            0.258226  0.518129  1.000000  0.586812  0.593348  0.766979   \n",
       "rouge         0.315062  0.923728  0.586812  1.000000  0.865323  0.814224   \n",
       "meteor        0.395745  0.882049  0.593348  0.865323  1.000000  0.885191   \n",
       "cider         0.407390  0.815689  0.766979  0.814224  0.885191  1.000000   \n",
       "spice         0.402388  0.640304  0.443048  0.638343  0.728753  0.731114   \n",
       "umic          0.466762  0.331593  0.204362  0.319597  0.382847  0.338542   \n",
       "uniter        0.416887  0.264451  0.136561  0.277789  0.310550  0.285849   \n",
       "vilbertscore  0.531597  0.623452  0.333684  0.620864  0.634523  0.603324   \n",
       "clips         0.408319  0.372453  0.153590  0.349783  0.429134  0.386117   \n",
       "ref-clips     0.466149  0.442223  0.203589  0.414627  0.502837  0.463534   \n",
       "\n",
       "                 spice      umic    uniter  vilbertscore     clips  ref-clips  \n",
       "Human         0.402388  0.466762  0.416887      0.531597  0.408319   0.466149  \n",
       "b1            0.640304  0.331593  0.264451      0.623452  0.372453   0.442223  \n",
       "b4            0.443048  0.204362  0.136561      0.333684  0.153590   0.203589  \n",
       "rouge         0.638343  0.319597  0.277789      0.620864  0.349783   0.414627  \n",
       "meteor        0.728753  0.382847  0.310550      0.634523  0.429134   0.502837  \n",
       "cider         0.731114  0.338542  0.285849      0.603324  0.386117   0.463534  \n",
       "spice         1.000000  0.328975  0.316416      0.581785  0.408458   0.480863  \n",
       "umic          0.328975  1.000000  0.732404      0.433821  0.450237   0.465763  \n",
       "uniter        0.316416  0.732404  1.000000      0.427024  0.396980   0.424291  \n",
       "vilbertscore  0.581785  0.433821  0.427024      1.000000  0.493288   0.577863  \n",
       "clips         0.408458  0.450237  0.396980      0.493288  1.000000   0.981328  \n",
       "ref-clips     0.480863  0.465763  0.424291      0.577863  0.981328   1.000000  "
      ]
     },
     "execution_count": 97,
     "metadata": {},
     "output_type": "execute_result"
    }
   ],
   "source": [
    "df_merge_norm = (df_merge-df_merge.min())/(df_merge.max()-df_merge.min())\n",
    "df_merge_norm.corr(method=\"pearson\")"
   ]
  },
  {
   "cell_type": "code",
   "execution_count": null,
   "id": "23578216",
   "metadata": {},
   "outputs": [],
   "source": []
  },
  {
   "cell_type": "code",
   "execution_count": null,
   "id": "c8331de8",
   "metadata": {
    "scrolled": true
   },
   "outputs": [],
   "source": []
  },
  {
   "cell_type": "code",
   "execution_count": null,
   "id": "4dd59f50",
   "metadata": {},
   "outputs": [],
   "source": []
  },
  {
   "cell_type": "code",
   "execution_count": 2,
   "id": "abfb2df3",
   "metadata": {},
   "outputs": [],
   "source": []
  },
  {
   "cell_type": "code",
   "execution_count": 18,
   "id": "be179596",
   "metadata": {},
   "outputs": [],
   "source": []
  },
  {
   "cell_type": "code",
   "execution_count": 30,
   "id": "a7860b03",
   "metadata": {},
   "outputs": [],
   "source": []
  },
  {
   "cell_type": "code",
   "execution_count": null,
   "id": "86cbcaa7",
   "metadata": {},
   "outputs": [],
   "source": []
  },
  {
   "cell_type": "code",
   "execution_count": null,
   "id": "e2caf7c3",
   "metadata": {},
   "outputs": [],
   "source": []
  },
  {
   "cell_type": "code",
   "execution_count": null,
   "id": "3c75b3da",
   "metadata": {},
   "outputs": [],
   "source": []
  },
  {
   "cell_type": "code",
   "execution_count": null,
   "id": "a427c895",
   "metadata": {},
   "outputs": [],
   "source": []
  },
  {
   "cell_type": "code",
   "execution_count": null,
   "id": "cc9d4f53",
   "metadata": {},
   "outputs": [],
   "source": [
    "# import json\n",
    "\n",
    "# with open(\"../data/processed/capeval1k/cand.txt\") as f:\n",
    "#     cap_test = f.readlines()\n",
    "#     cap_test = [x.strip() for x in cap_test]\n",
    "\n",
    "# with open(\"../data/processed/capeval1k/capeval_clip_result.json\") as f:\n",
    "#     clip = json.load(f)\n",
    "# clip[0]\n",
    "\n",
    "# list_clips = []\n",
    "# list_refclips = []\n",
    "# for check, y in zip(cap_test, clip):\n",
    "#     if check == y[\"candiate_caption\"]:\n",
    "#         list_clips.append(y[\"CLIP-S\"])\n",
    "#         list_refclips.append(y[\"RefCLIP-S\"])\n",
    "        \n",
    "# df = pd.DataFrame([list_clips, list_refclips]).T\n",
    "# df = df.rename(columns={0:\"clips\", 1:\"ref-clips\"})\n",
    "# df.to_csv(\"../data/processed/capeval1k/clipcore.csv\", index=False)"
   ]
  },
  {
   "cell_type": "code",
   "execution_count": null,
   "id": "efb5e22b",
   "metadata": {},
   "outputs": [],
   "source": []
  }
 ],
 "metadata": {
  "kernelspec": {
   "display_name": "Python [conda env:vilbert-score]",
   "language": "python",
   "name": "conda-env-vilbert-score-py"
  },
  "language_info": {
   "codemirror_mode": {
    "name": "ipython",
    "version": 3
   },
   "file_extension": ".py",
   "mimetype": "text/x-python",
   "name": "python",
   "nbconvert_exporter": "python",
   "pygments_lexer": "ipython3",
   "version": "3.6.13"
  }
 },
 "nbformat": 4,
 "nbformat_minor": 5
}
